12955138
4073910280
3809234985
4303305500
1448973331
1319564500
1557992347
24108958
5008846771
1512873235
2846360700
4015678975
25676
3165506945
3851425430
851425430
7023836621
9396632393
1795414044
7661383356
1071449462
3394876653
9933961032
7023836621
4957977115
1402579987
552490376
1958159978
3081591721
2409617054
998304602
10007055731
316926699
342840234
8378955964
8928436139
1232390082
2798005446
10059345695
8378955964
3814681142
7097531373
4430339980
9800067091
7815227281
7866133676
1997536281
5493150170
2690818786
4458793177
3470548868
1642059019
1434252419
1787410061
8778446
7586719949
3816646057
3712377000
3033241047
2483949084
1765820364313
10145229785
8148885239
4893800136
33993674
2982646506
8799662481 
603958211
7326538225
8799662481
1601882890
229914565
5404844680
5271649558
751187329
6047257658
2849253219
7365051007
1736827646
3870575094
8609335946
3847366152
1997906086
3624530268
2009066088
9801894946
143707033
3806888111
5438083534
2009066088
4584445216



